/*--------------------------------*- C++ -*----------------------------------*\
| =========                 |                                                 |
| \\      /  F ield         | OpenFOAM: The Open Source CFD Toolbox           |
|  \\    /   O peration     | Version:  5.x                                   |
|   \\  /    A nd           | Web:      www.OpenFOAM.org                      |
|    \\/     M anipulation  |                                                 |
\*---------------------------------------------------------------------------*/
FoamFile
{
    version     2.0;
    format      ascii;
    class       vectorField;
    location    "constant/solid/polyMesh";
    object      points;
}
// * * * * * * * * * * * * * * * * * * * * * * * * * * * * * * * * * * * * * //


204
(
(-0.5 -0.05 -0.05)
(-0.49 -0.05 -0.05)
(-0.48 -0.05 -0.05)
(-0.47 -0.05 -0.05)
(-0.46 -0.05 -0.05)
(-0.45 -0.05 -0.05)
(-0.44 -0.05 -0.05)
(-0.43 -0.05 -0.05)
(-0.42 -0.05 -0.05)
(-0.41 -0.05 -0.05)
(-0.4 -0.05 -0.05)
(-0.39 -0.05 -0.05)
(-0.38 -0.05 -0.05)
(-0.37 -0.05 -0.05)
(-0.36 -0.05 -0.05)
(-0.35 -0.05 -0.05)
(-0.34 -0.05 -0.05)
(-0.33 -0.05 -0.05)
(-0.32 -0.05 -0.05)
(-0.31 -0.05 -0.05)
(-0.3 -0.05 -0.05)
(-0.29 -0.05 -0.05)
(-0.28 -0.05 -0.05)
(-0.27 -0.05 -0.05)
(-0.26 -0.05 -0.05)
(-0.25 -0.05 -0.05)
(-0.24 -0.05 -0.05)
(-0.23 -0.05 -0.05)
(-0.22 -0.05 -0.05)
(-0.21 -0.05 -0.05)
(-0.2 -0.05 -0.05)
(-0.19 -0.05 -0.05)
(-0.18 -0.05 -0.05)
(-0.17 -0.05 -0.05)
(-0.16 -0.05 -0.05)
(-0.15 -0.05 -0.05)
(-0.14 -0.05 -0.05)
(-0.13 -0.05 -0.05)
(-0.12 -0.05 -0.05)
(-0.11 -0.05 -0.05)
(-0.1 -0.05 -0.05)
(-0.09 -0.05 -0.05)
(-0.08 -0.05 -0.05)
(-0.07 -0.05 -0.05)
(-0.06 -0.05 -0.05)
(-0.05 -0.05 -0.05)
(-0.04 -0.05 -0.05)
(-0.03 -0.05 -0.05)
(-0.02 -0.05 -0.05)
(-0.01 -0.05 -0.05)
(0 -0.05 -0.05)
(-0.5 0.05 -0.05)
(-0.49 0.05 -0.05)
(-0.48 0.05 -0.05)
(-0.47 0.05 -0.05)
(-0.46 0.05 -0.05)
(-0.45 0.05 -0.05)
(-0.44 0.05 -0.05)
(-0.43 0.05 -0.05)
(-0.42 0.05 -0.05)
(-0.41 0.05 -0.05)
(-0.4 0.05 -0.05)
(-0.39 0.05 -0.05)
(-0.38 0.05 -0.05)
(-0.37 0.05 -0.05)
(-0.36 0.05 -0.05)
(-0.35 0.05 -0.05)
(-0.34 0.05 -0.05)
(-0.33 0.05 -0.05)
(-0.32 0.05 -0.05)
(-0.31 0.05 -0.05)
(-0.3 0.05 -0.05)
(-0.29 0.05 -0.05)
(-0.28 0.05 -0.05)
(-0.27 0.05 -0.05)
(-0.26 0.05 -0.05)
(-0.25 0.05 -0.05)
(-0.24 0.05 -0.05)
(-0.23 0.05 -0.05)
(-0.22 0.05 -0.05)
(-0.21 0.05 -0.05)
(-0.2 0.05 -0.05)
(-0.19 0.05 -0.05)
(-0.18 0.05 -0.05)
(-0.17 0.05 -0.05)
(-0.16 0.05 -0.05)
(-0.15 0.05 -0.05)
(-0.14 0.05 -0.05)
(-0.13 0.05 -0.05)
(-0.12 0.05 -0.05)
(-0.11 0.05 -0.05)
(-0.1 0.05 -0.05)
(-0.09 0.05 -0.05)
(-0.08 0.05 -0.05)
(-0.07 0.05 -0.05)
(-0.06 0.05 -0.05)
(-0.05 0.05 -0.05)
(-0.04 0.05 -0.05)
(-0.03 0.05 -0.05)
(-0.02 0.05 -0.05)
(-0.01 0.05 -0.05)
(0 0.05 -0.05)
(-0.5 -0.05 0.05)
(-0.49 -0.05 0.05)
(-0.48 -0.05 0.05)
(-0.47 -0.05 0.05)
(-0.46 -0.05 0.05)
(-0.45 -0.05 0.05)
(-0.44 -0.05 0.05)
(-0.43 -0.05 0.05)
(-0.42 -0.05 0.05)
(-0.41 -0.05 0.05)
(-0.4 -0.05 0.05)
(-0.39 -0.05 0.05)
(-0.38 -0.05 0.05)
(-0.37 -0.05 0.05)
(-0.36 -0.05 0.05)
(-0.35 -0.05 0.05)
(-0.34 -0.05 0.05)
(-0.33 -0.05 0.05)
(-0.32 -0.05 0.05)
(-0.31 -0.05 0.05)
(-0.3 -0.05 0.05)
(-0.29 -0.05 0.05)
(-0.28 -0.05 0.05)
(-0.27 -0.05 0.05)
(-0.26 -0.05 0.05)
(-0.25 -0.05 0.05)
(-0.24 -0.05 0.05)
(-0.23 -0.05 0.05)
(-0.22 -0.05 0.05)
(-0.21 -0.05 0.05)
(-0.2 -0.05 0.05)
(-0.19 -0.05 0.05)
(-0.18 -0.05 0.05)
(-0.17 -0.05 0.05)
(-0.16 -0.05 0.05)
(-0.15 -0.05 0.05)
(-0.14 -0.05 0.05)
(-0.13 -0.05 0.05)
(-0.12 -0.05 0.05)
(-0.11 -0.05 0.05)
(-0.1 -0.05 0.05)
(-0.09 -0.05 0.05)
(-0.08 -0.05 0.05)
(-0.07 -0.05 0.05)
(-0.06 -0.05 0.05)
(-0.05 -0.05 0.05)
(-0.04 -0.05 0.05)
(-0.03 -0.05 0.05)
(-0.02 -0.05 0.05)
(-0.01 -0.05 0.05)
(0 -0.05 0.05)
(-0.5 0.05 0.05)
(-0.49 0.05 0.05)
(-0.48 0.05 0.05)
(-0.47 0.05 0.05)
(-0.46 0.05 0.05)
(-0.45 0.05 0.05)
(-0.44 0.05 0.05)
(-0.43 0.05 0.05)
(-0.42 0.05 0.05)
(-0.41 0.05 0.05)
(-0.4 0.05 0.05)
(-0.39 0.05 0.05)
(-0.38 0.05 0.05)
(-0.37 0.05 0.05)
(-0.36 0.05 0.05)
(-0.35 0.05 0.05)
(-0.34 0.05 0.05)
(-0.33 0.05 0.05)
(-0.32 0.05 0.05)
(-0.31 0.05 0.05)
(-0.3 0.05 0.05)
(-0.29 0.05 0.05)
(-0.28 0.05 0.05)
(-0.27 0.05 0.05)
(-0.26 0.05 0.05)
(-0.25 0.05 0.05)
(-0.24 0.05 0.05)
(-0.23 0.05 0.05)
(-0.22 0.05 0.05)
(-0.21 0.05 0.05)
(-0.2 0.05 0.05)
(-0.19 0.05 0.05)
(-0.18 0.05 0.05)
(-0.17 0.05 0.05)
(-0.16 0.05 0.05)
(-0.15 0.05 0.05)
(-0.14 0.05 0.05)
(-0.13 0.05 0.05)
(-0.12 0.05 0.05)
(-0.11 0.05 0.05)
(-0.1 0.05 0.05)
(-0.09 0.05 0.05)
(-0.08 0.05 0.05)
(-0.07 0.05 0.05)
(-0.06 0.05 0.05)
(-0.05 0.05 0.05)
(-0.04 0.05 0.05)
(-0.03 0.05 0.05)
(-0.02 0.05 0.05)
(-0.01 0.05 0.05)
(0 0.05 0.05)
)


// ************************************************************************* //
