// Points
208
(
	(0.0 0.027014324 0.0)
	(0.0 0.029028648 0.0)
	(0.0 0.030998209 0.0)
	(0.0 0.033012534 0.0)
	(0.0 0.034982095 0.0)
	(0.0 0.036996419 0.0)
	(0.0 0.039010743 0.0)
	(0.0 0.041025067 0.0)
	(0.0 0.042994628 0.0)
	(0.0 0.045008953 0.0)
	(0.0 0.046978514 0.0)
	(0.0 0.048992838 0.0)
	(0.0 0.051007162 0.0)
	(0.0 0.024957981028228434 -0.010337934231342622)
	(0.0 0.026818973743674698 -0.011108782653557999)
	(0.0 0.02863861083960716 -0.011862501017290417)
	(0.0 0.030499604478932962 -0.012633349822189228)
	(0.0 0.03231924157486542 -0.013387068185921645)
	(0.0 0.03418023429031169 -0.014157916608137023)
	(0.0 0.03604122700575795 -0.0149287650303524)
	(0.0 0.037902219721204215 -0.015699613452567776)
	(0.0 0.03972185681713668 -0.016453331816300196)
	(0.0 0.041582850456462477 -0.017224180621199004)
	(0.0 0.04340248755239494 -0.017977898984931424)
	(0.0 0.0452634802678412 -0.0187487474071468)
	(0.0 0.04712447298328747 -0.019519595829362177)
	(0.0 0.0191020116895705 -0.019102011689570497)
	(0.0 0.020526353849477312 -0.02052635384947731)
	(0.0 0.02191904378853787 -0.021919043788537866)
	(0.0 0.023343386655551464 -0.02334338665555146)
	(0.0 0.02473607659461202 -0.024736076594612015)
	(0.0 0.026160418754518834 -0.02616041875451883)
	(0.0 0.027584760914425643 -0.02758476091442564)
	(0.0 0.02900910307433245 -0.029009103074332448)
	(0.0 0.030401793013393012 -0.030401793013393005)
	(0.0 0.0318261358804066 -0.0318261358804066)
	(0.0 0.03321882581946716 -0.033218825819467154)
	(0.0 0.03464316797937397 -0.034643167979373966)
	(0.0 0.036067510139280785 -0.03606751013928078)
	(0.0 0.010337934231342622 -0.024957981028228434)
	(0.0 0.011108782653558 -0.026818973743674698)
	(0.0 0.011862501017290418 -0.02863861083960716)
	(0.0 0.01263334982218923 -0.030499604478932962)
	(0.0 0.013387068185921646 -0.03231924157486542)
	(0.0 0.014157916608137026 -0.03418023429031169)
	(0.0 0.014928765030352401 -0.03604122700575795)
	(0.0 0.01569961345256778 -0.037902219721204215)
	(0.0 0.0164533318163002 -0.03972185681713668)
	(0.0 0.017224180621199008 -0.041582850456462477)
	(0.0 0.017977898984931427 -0.04340248755239494)
	(0.0 0.018748747407146802 -0.0452634802678412)
	(0.0 0.01951959582936218 -0.04712447298328747)
	(0.0 1.6541502708864761e-18 -0.027014324)
	(0.0 1.777492042838761e-18 -0.029028648)
	(0.0 1.8980928715575336e-18 -0.030998209)
	(0.0 2.0214347047421588e-18 -0.033012534)
	(0.0 2.1420355334609314e-18 -0.034982095)
	(0.0 2.2653773054132163e-18 -0.036996419)
	(0.0 2.388719077365501e-18 -0.039010743)
	(0.0 2.5120608493177854e-18 -0.041025067)
	(0.0 2.6326616780365584e-18 -0.042994628)
	(0.0 2.7560035112211828e-18 -0.045008953)
	(0.0 2.876604339939956e-18 -0.046978514)
	(0.0 2.9999461118922403e-18 -0.048992838)
	(0.0 3.1232878838445256e-18 -0.051007162)
	(0.0 -0.01033793423134262 -0.024957981028228434)
	(0.0 -0.011108782653557997 -0.026818973743674698)
	(0.0 -0.011862501017290415 -0.02863861083960716)
	(0.0 -0.012633349822189227 -0.030499604478932962)
	(0.0 -0.013387068185921643 -0.03231924157486542)
	(0.0 -0.014157916608137021 -0.03418023429031169)
	(0.0 -0.014928765030352398 -0.03604122700575795)
	(0.0 -0.015699613452567773 -0.037902219721204215)
	(0.0 -0.016453331816300192 -0.03972185681713668)
	(0.0 -0.017224180621199 -0.041582850456462477)
	(0.0 -0.01797789898493142 -0.04340248755239494)
	(0.0 -0.018748747407146795 -0.0452634802678412)
	(0.0 -0.019519595829362177 -0.04712447298328747)
	(0.0 -0.019102011689570497 -0.0191020116895705)
	(0.0 -0.02052635384947731 -0.020526353849477312)
	(0.0 -0.021919043788537866 -0.02191904378853787)
	(0.0 -0.02334338665555146 -0.023343386655551464)
	(0.0 -0.024736076594612015 -0.02473607659461202)
	(0.0 -0.02616041875451883 -0.026160418754518834)
	(0.0 -0.02758476091442564 -0.027584760914425643)
	(0.0 -0.029009103074332448 -0.02900910307433245)
	(0.0 -0.030401793013393005 -0.030401793013393012)
	(0.0 -0.0318261358804066 -0.0318261358804066)
	(0.0 -0.033218825819467154 -0.03321882581946716)
	(0.0 -0.034643167979373966 -0.03464316797937397)
	(0.0 -0.03606751013928078 -0.036067510139280785)
	(0.0 -0.024957981028228434 -0.010337934231342624)
	(0.0 -0.026818973743674698 -0.011108782653558002)
	(0.0 -0.02863861083960716 -0.01186250101729042)
	(0.0 -0.030499604478932962 -0.012633349822189232)
	(0.0 -0.03231924157486542 -0.013387068185921648)
	(0.0 -0.03418023429031169 -0.014157916608137028)
	(0.0 -0.03604122700575795 -0.014928765030352405)
	(0.0 -0.037902219721204215 -0.01569961345256778)
	(0.0 -0.03972185681713668 -0.0164533318163002)
	(0.0 -0.041582850456462477 -0.017224180621199008)
	(0.0 -0.04340248755239494 -0.017977898984931427)
	(0.0 -0.0452634802678412 -0.018748747407146805)
	(0.0 -0.04712447298328747 -0.019519595829362184)
	(0.0 -0.027014324 -3.3083005417729522e-18)
	(0.0 -0.029028648 -3.554984085677522e-18)
	(0.0 -0.030998209 -3.796185743115067e-18)
	(0.0 -0.033012534 -4.0428694094843176e-18)
	(0.0 -0.034982095 -4.284071066921863e-18)
	(0.0 -0.036996419 -4.530754610826433e-18)
	(0.0 -0.039010743 -4.777438154731002e-18)
	(0.0 -0.041025067 -5.024121698635571e-18)
	(0.0 -0.042994628 -5.265323356073117e-18)
	(0.0 -0.045008953 -5.5120070224423656e-18)
	(0.0 -0.046978514 -5.753208679879912e-18)
	(0.0 -0.048992838 -5.999892223784481e-18)
	(0.0 -0.051007162 -6.246575767689051e-18)
	(0.0 -0.024957981028228438 0.010337934231342619)
	(0.0 -0.0268189737436747 0.011108782653557995)
	(0.0 -0.028638610839607163 0.011862501017290413)
	(0.0 -0.030499604478932966 0.012633349822189225)
	(0.0 -0.032319241574865425 0.013387068185921641)
	(0.0 -0.034180234290311695 0.01415791660813702)
	(0.0 -0.03604122700575796 0.014928765030352396)
	(0.0 -0.03790221972120422 0.015699613452567773)
	(0.0 -0.039721856817136685 0.016453331816300192)
	(0.0 -0.041582850456462477 0.017224180621198997)
	(0.0 -0.043402487552394946 0.017977898984931417)
	(0.0 -0.04526348026784121 0.018748747407146795)
	(0.0 -0.04712447298328748 0.019519595829362173)
	(0.0 -0.019102011689570503 0.019102011689570497)
	(0.0 -0.020526353849477316 0.02052635384947731)
	(0.0 -0.021919043788537873 0.021919043788537866)
	(0.0 -0.023343386655551468 0.02334338665555146)
	(0.0 -0.024736076594612022 0.024736076594612015)
	(0.0 -0.026160418754518838 0.02616041875451883)
	(0.0 -0.027584760914425646 0.02758476091442564)
	(0.0 -0.029009103074332458 0.029009103074332448)
	(0.0 -0.030401793013393016 0.030401793013393005)
	(0.0 -0.03182613588040661 0.0318261358804066)
	(0.0 -0.03321882581946717 0.033218825819467154)
	(0.0 -0.03464316797937397 0.034643167979373966)
	(0.0 -0.03606751013928079 0.03606751013928078)
	(0.0 -0.010337934231342636 0.024957981028228427)
	(0.0 -0.011108782653558014 0.026818973743674694)
	(0.0 -0.011862501017290434 0.028638610839607153)
	(0.0 -0.012633349822189246 0.030499604478932955)
	(0.0 -0.013387068185921664 0.03231924157486541)
	(0.0 -0.014157916608137044 0.03418023429031168)
	(0.0 -0.014928765030352422 0.036041227005757945)
	(0.0 -0.0156996134525678 0.03790221972120421)
	(0.0 -0.01645333181630022 0.03972185681713667)
	(0.0 -0.01722418062119903 0.04158285045646246)
	(0.0 -0.017977898984931448 0.043402487552394925)
	(0.0 -0.018748747407146826 0.04526348026784119)
	(0.0 -0.019519595829362208 0.04712447298328746)
	(0.0 -4.962450812659428e-18 0.027014324)
	(0.0 -5.332476128516282e-18 0.029028648)
	(0.0 -5.694278614672601e-18 0.030998209)
	(0.0 -6.064304114226476e-18 0.033012534)
	(0.0 -6.4261066003827936e-18 0.034982095)
	(0.0 -6.796131916239648e-18 0.036996419)
	(0.0 -7.166157232096502e-18 0.039010743)
	(0.0 -7.536182547953355e-18 0.041025067)
	(0.0 -7.897985034109674e-18 0.042994628)
	(0.0 -8.268010533663548e-18 0.045008953)
	(0.0 -8.629813019819867e-18 0.046978514)
	(0.0 -8.999838335676721e-18 0.048992838)
	(0.0 -9.369863651533576e-18 0.051007162)
	(0.0 0.010337934231342627 0.02495798102822843)
	(0.0 0.011108782653558006 0.026818973743674698)
	(0.0 0.011862501017290424 0.028638610839607156)
	(0.0 0.012633349822189235 0.03049960447893296)
	(0.0 0.013387068185921652 0.03231924157486542)
	(0.0 0.014157916608137032 0.03418023429031168)
	(0.0 0.014928765030352408 0.036041227005757945)
	(0.0 0.015699613452567786 0.03790221972120421)
	(0.0 0.016453331816300206 0.03972185681713668)
	(0.0 0.017224180621199014 0.04158285045646247)
	(0.0 0.017977898984931434 0.04340248755239493)
	(0.0 0.01874874740714681 0.045263480267841195)
	(0.0 0.01951959582936219 0.047124472983287466)
	(0.0 0.019102011689570493 0.019102011689570503)
	(0.0 0.020526353849477305 0.020526353849477316)
	(0.0 0.021919043788537863 0.021919043788537873)
	(0.0 0.023343386655551458 0.023343386655551468)
	(0.0 0.02473607659461201 0.024736076594612022)
	(0.0 0.026160418754518824 0.026160418754518838)
	(0.0 0.027584760914425636 0.027584760914425646)
	(0.0 0.029009103074332444 0.029009103074332458)
	(0.0 0.030401793013393002 0.030401793013393016)
	(0.0 0.03182613588040659 0.03182613588040661)
	(0.0 0.03321882581946715 0.03321882581946717)
	(0.0 0.03464316797937396 0.03464316797937397)
	(0.0 0.03606751013928077 0.03606751013928079)
	(0.0 0.024957981028228427 0.010337934231342638)
	(0.0 0.026818973743674694 0.011108782653558016)
	(0.0 0.028638610839607153 0.011862501017290436)
	(0.0 0.030499604478932955 0.012633349822189248)
	(0.0 0.03231924157486541 0.013387068185921665)
	(0.0 0.03418023429031168 0.014157916608137045)
	(0.0 0.036041227005757945 0.014928765030352424)
	(0.0 0.03790221972120421 0.0156996134525678)
	(0.0 0.03972185681713667 0.01645333181630022)
	(0.0 0.04158285045646246 0.017224180621199032)
	(0.0 0.043402487552394925 0.01797789898493145)
	(0.0 0.04526348026784119 0.01874874740714683)
	(0.0 0.04712447298328746 0.019519595829362208)

)
