// Points
208
(
	(20.51923076918 -3.782051282 8.205128205)
	(21.78846153847 -2.051282051 10.38461538)
	(21.647435897450002 -2.051282051 10.96153846)
	(21.08333333337 -1.858974359 11.21794872)
	(21.15384615388 -1.602564103 11.73076923)
	(21.01282051286 -1.858974359 11.66666667)
	(21.08333333337 -1.602564103 11.92307692)
	(21.36538461541 -1.41025641 11.92307692)
	(21.576923076940002 -1.025641026 12.24358974)
	(22.070512820510004 -1.153846154 11.98717949)
	(22.564102564080002 -1.08974359 11.92307692)
	(22.35256410255 -0.641025641 11.92307692)
	(21.78846153847 0.064102564 11.98717949)
	(20.51923076918 -0.35419314586286443 9.02787837620712)
	(21.78846153847 2.0788827550830278 10.379125258609498)
	(21.647435897450002 2.299661659548067 10.91213268405487)
	(21.08333333337 2.5754547585217766 11.075431907550001)
	(21.15384615388 3.0085948589201714 11.45109232373131)
	(21.01282051286 2.7471716837916027 11.489993237425423)
	(21.08333333337 3.0821878257995734 11.628761462466834)
	(21.36538461541 3.2598569673067375 11.555168494439382)
	(21.576923076940002 3.7378501945479217 11.70409779345532)
	(22.070512820510004 3.5212801462621406 11.516267589984064)
	(22.564102564080002 3.5559722016122115 11.432513548364767)
	(22.35256410255 3.9705335305637552 11.260796623477624)
	(21.78846153847 4.646518038470702 11.050178794135162)
	(20.51923076918 3.127587685963028 8.47621590255798)
	(21.78846153847 5.892556506823766 8.793507403600465)
	(21.647435897450002 6.300502728914795 9.201453625691494)
	(21.08333333337 6.617794235614135 9.246780986215768)
	(21.15384615388 7.161722526550057 9.428090415584933)
	(21.01282051286 6.93508574089926 9.564072491500893)
	(21.08333333337 7.297704598223377 9.564072487258253)
	(21.36538461541 7.433686672018018 9.428090413463611)
	(21.576923076940002 7.932287606672309 9.382763055767768)
	(22.070512820510004 7.660323464739883 9.29210834461872)
	(22.564102564080002 7.66032346049724 9.201453624984389)
	(22.35256410255 7.97761496507526 8.88416212040637)
	(21.78846153847 8.521543262375145 8.430888546983457)
	(20.51923076918 6.133221644254024 6.634126394832881)
	(21.78846153847 8.809141946558338 5.869157759736375)
	(21.647435897450002 9.342149372003707 6.089936664201414)
	(21.08333333337 9.652634530788376 6.010391482008556)
	(21.15384615388 10.224542860689066 5.969747207518191)
	(21.01282051286 10.067195860663798 6.182108407278382)
	(21.08333333337 10.40221199942459 6.043340174397594)
	(21.36538461541 10.475804967452042 5.865671032890429)
	(21.576923076940002 10.919106137047054 5.632987697798474)
	(22.070512820510004 10.633151976716107 5.6533098369570745)
	(22.564102564080002 10.598459913526657 5.569555798584956)
	(22.35256410255 10.7701768384138 5.154994469633412)
	(21.78846153847 11.09924077256501 4.528071944748513)
	(20.51923076918 8.205128205 3.7820512820000003)
	(21.78846153847 10.38461538 2.0512820510000003)
	(21.647435897450002 10.96153846 2.0512820510000007)
	(21.08333333337 11.21794872 1.8589743590000007)
	(21.15384615388 11.73076923 1.6025641030000006)
	(21.01282051286 11.66666667 1.8589743590000007)
	(21.08333333337 11.92307692 1.6025641030000006)
	(21.36538461541 11.92307692 1.4102564100000006)
	(21.576923076940002 12.24358974 1.0256410260000006)
	(22.070512820510004 11.98717949 1.1538461540000007)
	(22.564102564080002 11.92307692 1.0897435900000008)
	(22.35256410255 11.92307692 0.6410256410000008)
	(21.78846153847 11.98717949 -0.06410256399999927)
	(20.51923076918 9.02787837620712 0.3541931458628649)
	(21.78846153847 10.379125258609498 -2.0788827550830273)
	(21.647435897450002 10.91213268405487 -2.299661659548067)
	(21.08333333337 11.075431907550001 -2.5754547585217757)
	(21.15384615388 11.45109232373131 -3.0085948589201714)
	(21.01282051286 11.489993237425423 -2.747171683791602)
	(21.08333333337 11.628761462466834 -3.0821878257995725)
	(21.36538461541 11.555168494439382 -3.2598569673067366)
	(21.576923076940002 11.704097793455318 -3.737850194547921)
	(22.070512820510004 11.516267589984064 -3.5212801462621397)
	(22.564102564080002 11.432513548364767 -3.5559722016122106)
	(22.35256410255 11.260796623477624 -3.9705335305637544)
	(21.78846153847 11.050178794135162 -4.646518038470701)
	(20.51923076918 8.47621590255798 -3.127587685963028)
	(21.78846153847 8.793507403600465 -5.892556506823766)
	(21.647435897450002 9.201453625691494 -6.300502728914795)
	(21.08333333337 9.246780986215768 -6.617794235614135)
	(21.15384615388 9.428090415584933 -7.161722526550057)
	(21.01282051286 9.564072491500893 -6.93508574089926)
	(21.08333333337 9.564072487258253 -7.297704598223377)
	(21.36538461541 9.428090413463611 -7.433686672018018)
	(21.576923076940002 9.382763055767768 -7.932287606672309)
	(22.070512820510004 9.29210834461872 -7.660323464739883)
	(22.564102564080002 9.201453624984389 -7.66032346049724)
	(22.35256410255 8.88416212040637 -7.97761496507526)
	(21.78846153847 8.430888546983457 -8.521543262375145)
	(20.51923076918 6.634126394832881 -6.133221644254024)
	(21.78846153847 5.869157759736375 -8.809141946558338)
	(21.647435897450002 6.089936664201414 -9.342149372003707)
	(21.08333333337 6.010391482008556 -9.652634530788376)
	(21.15384615388 5.969747207518191 -10.224542860689066)
	(21.01282051286 6.182108407278382 -10.067195860663798)
	(21.08333333337 6.043340174397594 -10.40221199942459)
	(21.36538461541 5.865671032890429 -10.475804967452042)
	(21.576923076940002 5.632987697798474 -10.919106137047054)
	(22.070512820510004 5.6533098369570745 -10.633151976716107)
	(22.564102564080002 5.569555798584956 -10.598459913526657)
	(22.35256410255 5.154994469633412 -10.7701768384138)
	(21.78846153847 4.528071944748513 -11.09924077256501)
	(20.51923076918 3.7820512820000007 -8.205128205)
	(21.78846153847 2.051282051000001 -10.38461538)
	(21.647435897450002 2.051282051000001 -10.96153846)
	(21.08333333337 1.8589743590000014 -11.21794872)
	(21.15384615388 1.6025641030000013 -11.73076923)
	(21.01282051286 1.8589743590000014 -11.66666667)
	(21.08333333337 1.6025641030000015 -11.92307692)
	(21.36538461541 1.4102564100000015 -11.92307692)
	(21.576923076940002 1.0256410260000015 -12.24358974)
	(22.070512820510004 1.1538461540000016 -11.98717949)
	(22.564102564080002 1.0897435900000016 -11.92307692)
	(22.35256410255 0.6410256410000015 -11.92307692)
	(21.78846153847 -0.06410256399999853 -11.98717949)
	(20.51923076918 0.3541931458628653 -9.02787837620712)
	(21.78846153847 -2.0788827550830264 -10.379125258609498)
	(21.647435897450002 -2.299661659548066 -10.91213268405487)
	(21.08333333337 -2.575454758521775 -11.075431907550001)
	(21.15384615388 -3.0085948589201705 -11.45109232373131)
	(21.01282051286 -2.747171683791602 -11.489993237425423)
	(21.08333333337 -3.0821878257995716 -11.628761462466834)
	(21.36538461541 -3.2598569673067357 -11.555168494439382)
	(21.576923076940002 -3.73785019454792 -11.704097793455318)
	(22.070512820510004 -3.521280146262139 -11.516267589984064)
	(22.564102564080002 -3.5559722016122097 -11.432513548364767)
	(22.35256410255 -3.9705335305637535 -11.260796623477624)
	(21.78846153847 -4.6465180384707 -11.050178794135162)
	(20.51923076918 -3.1275876859630274 -8.47621590255798)
	(21.78846153847 -5.892556506823766 -8.793507403600467)
	(21.647435897450002 -6.300502728914795 -9.201453625691496)
	(21.08333333337 -6.617794235614135 -9.246780986215768)
	(21.15384615388 -7.161722526550056 -9.428090415584935)
	(21.01282051286 -6.93508574089926 -9.564072491500895)
	(21.08333333337 -7.297704598223376 -9.564072487258255)
	(21.36538461541 -7.433686672018017 -9.428090413463613)
	(21.576923076940002 -7.932287606672309 -9.38276305576777)
	(22.070512820510004 -7.660323464739882 -9.29210834461872)
	(22.564102564080002 -7.66032346049724 -9.20145362498439)
	(22.35256410255 -7.97761496507526 -8.884162120406371)
	(21.78846153847 -8.521543262375145 -8.430888546983457)
	(20.51923076918 -6.133221644254021 -6.634126394832884)
	(21.78846153847 -8.809141946558334 -5.86915775973638)
	(21.647435897450002 -9.342149372003705 -6.089936664201419)
	(21.08333333337 -9.652634530788372 -6.01039148200856)
	(21.15384615388 -10.224542860689063 -5.969747207518197)
	(21.01282051286 -10.067195860663794 -6.1821084072783865)
	(21.08333333337 -10.402211999424589 -6.043340174397598)
	(21.36538461541 -10.47580496745204 -5.865671032890434)
	(21.576923076940002 -10.919106137047052 -5.63298769779848)
	(22.070512820510004 -10.633151976716103 -5.653309836957079)
	(22.564102564080002 -10.598459913526655 -5.56955579858496)
	(22.35256410255 -10.770176838413798 -5.154994469633417)
	(21.78846153847 -11.099240772565006 -4.528071944748518)
	(20.51923076918 -8.205128205 -3.782051282000001)
	(21.78846153847 -10.38461538 -2.0512820510000016)
	(21.647435897450002 -10.96153846 -2.051282051000002)
	(21.08333333337 -11.21794872 -1.858974359000002)
	(21.15384615388 -11.73076923 -1.6025641030000022)
	(21.01282051286 -11.66666667 -1.8589743590000023)
	(21.08333333337 -11.92307692 -1.6025641030000022)
	(21.36538461541 -11.92307692 -1.4102564100000021)
	(21.576923076940002 -12.24358974 -1.0256410260000022)
	(22.070512820510004 -11.98717949 -1.1538461540000022)
	(22.564102564080002 -11.92307692 -1.0897435900000023)
	(22.35256410255 -11.92307692 -0.6410256410000023)
	(21.78846153847 -11.98717949 0.0641025639999978)
	(20.51923076918 -9.02787837620712 -0.3541931458628622)
	(21.78846153847 -10.379125258609498 2.07888275508303)
	(21.647435897450002 -10.912132684054871 2.29966165954807)
	(21.08333333337 -11.07543190755 2.5754547585217797)
	(21.15384615388 -11.451092323731308 3.0085948589201745)
	(21.01282051286 -11.489993237425422 2.747171683791606)
	(21.08333333337 -11.628761462466832 3.0821878257995765)
	(21.36538461541 -11.55516849443938 3.2598569673067406)
	(21.576923076940002 -11.70409779345532 3.7378501945479243)
	(22.070512820510004 -11.516267589984063 3.5212801462621437)
	(22.564102564080002 -11.432513548364765 3.5559722016122146)
	(22.35256410255 -11.260796623477622 3.970533530563758)
	(21.78846153847 -11.05017879413516 4.646518038470704)
	(20.51923076918 -8.47621590255798 3.1275876859630274)
	(21.78846153847 -8.793507403600467 5.892556506823766)
	(21.647435897450002 -9.201453625691496 6.300502728914795)
	(21.08333333337 -9.246780986215768 6.617794235614135)
	(21.15384615388 -9.428090415584935 7.161722526550056)
	(21.01282051286 -9.564072491500895 6.93508574089926)
	(21.08333333337 -9.564072487258255 7.297704598223376)
	(21.36538461541 -9.428090413463613 7.433686672018017)
	(21.576923076940002 -9.38276305576777 7.932287606672309)
	(22.070512820510004 -9.29210834461872 7.660323464739882)
	(22.564102564080002 -9.20145362498439 7.66032346049724)
	(22.35256410255 -8.884162120406371 7.97761496507526)
	(21.78846153847 -8.430888546983457 8.521543262375145)
	(20.51923076918 -6.634126394832885 6.133221644254021)
	(21.78846153847 -5.86915775973638 8.809141946558334)
	(21.647435897450002 -6.08993666420142 9.342149372003705)
	(21.08333333337 -6.010391482008561 9.65263453078837)
	(21.15384615388 -5.969747207518197 10.224542860689063)
	(21.01282051286 -6.182108407278387 10.067195860663793)
	(21.08333333337 -6.043340174397599 10.402211999424589)
	(21.36538461541 -5.865671032890435 10.47580496745204)
	(21.576923076940002 -5.632987697798481 10.919106137047052)
	(22.070512820510004 -5.65330983695708 10.633151976716103)
	(22.564102564080002 -5.569555798584961 10.598459913526655)
	(22.35256410255 -5.154994469633418 10.770176838413798)
	(21.78846153847 -4.528071944748519 11.099240772565006)

)
