// Points
208
(
	(18.6538461538 -3.782051282 8.205128205)
	(19.8076923077 -2.051282051 10.38461538)
	(19.6794871795 -2.051282051 10.96153846)
	(19.1666666667 -1.858974359 11.21794872)
	(19.2307692308 -1.602564103 11.73076923)
	(19.1025641026 -1.858974359 11.66666667)
	(19.1666666667 -1.602564103 11.92307692)
	(19.4230769231 -1.41025641 11.92307692)
	(19.6153846154 -1.025641026 12.24358974)
	(20.0641025641 -1.153846154 11.98717949)
	(20.5128205128 -1.08974359 11.92307692)
	(20.3205128205 -0.641025641 11.92307692)
	(19.8076923077 0.064102564 11.98717949)
	(18.6538461538 -0.35419314586286443 9.02787837620712)
	(19.8076923077 2.0788827550830278 10.379125258609498)
	(19.6794871795 2.299661659548067 10.91213268405487)
	(19.1666666667 2.5754547585217766 11.075431907550001)
	(19.2307692308 3.0085948589201714 11.45109232373131)
	(19.1025641026 2.7471716837916027 11.489993237425423)
	(19.1666666667 3.0821878257995734 11.628761462466834)
	(19.4230769231 3.2598569673067375 11.555168494439382)
	(19.6153846154 3.7378501945479217 11.70409779345532)
	(20.0641025641 3.5212801462621406 11.516267589984064)
	(20.5128205128 3.5559722016122115 11.432513548364767)
	(20.3205128205 3.9705335305637552 11.260796623477624)
	(19.8076923077 4.646518038470702 11.050178794135162)
	(18.6538461538 3.127587685963028 8.47621590255798)
	(19.8076923077 5.892556506823766 8.793507403600465)
	(19.6794871795 6.300502728914795 9.201453625691494)
	(19.1666666667 6.617794235614135 9.246780986215768)
	(19.2307692308 7.161722526550057 9.428090415584933)
	(19.1025641026 6.93508574089926 9.564072491500893)
	(19.1666666667 7.297704598223377 9.564072487258253)
	(19.4230769231 7.433686672018018 9.428090413463611)
	(19.6153846154 7.932287606672309 9.382763055767768)
	(20.0641025641 7.660323464739883 9.29210834461872)
	(20.5128205128 7.66032346049724 9.201453624984389)
	(20.3205128205 7.97761496507526 8.88416212040637)
	(19.8076923077 8.521543262375145 8.430888546983457)
	(18.6538461538 6.133221644254024 6.634126394832881)
	(19.8076923077 8.809141946558338 5.869157759736375)
	(19.6794871795 9.342149372003707 6.089936664201414)
	(19.1666666667 9.652634530788376 6.010391482008556)
	(19.2307692308 10.224542860689066 5.969747207518191)
	(19.1025641026 10.067195860663798 6.182108407278382)
	(19.1666666667 10.40221199942459 6.043340174397594)
	(19.4230769231 10.475804967452042 5.865671032890429)
	(19.6153846154 10.919106137047054 5.632987697798474)
	(20.0641025641 10.633151976716107 5.6533098369570745)
	(20.5128205128 10.598459913526657 5.569555798584956)
	(20.3205128205 10.7701768384138 5.154994469633412)
	(19.8076923077 11.09924077256501 4.528071944748513)
	(18.6538461538 8.205128205 3.7820512820000003)
	(19.8076923077 10.38461538 2.0512820510000003)
	(19.6794871795 10.96153846 2.0512820510000007)
	(19.1666666667 11.21794872 1.8589743590000007)
	(19.2307692308 11.73076923 1.6025641030000006)
	(19.1025641026 11.66666667 1.8589743590000007)
	(19.1666666667 11.92307692 1.6025641030000006)
	(19.4230769231 11.92307692 1.4102564100000006)
	(19.6153846154 12.24358974 1.0256410260000006)
	(20.0641025641 11.98717949 1.1538461540000007)
	(20.5128205128 11.92307692 1.0897435900000008)
	(20.3205128205 11.92307692 0.6410256410000008)
	(19.8076923077 11.98717949 -0.06410256399999927)
	(18.6538461538 9.02787837620712 0.3541931458628649)
	(19.8076923077 10.379125258609498 -2.0788827550830273)
	(19.6794871795 10.91213268405487 -2.299661659548067)
	(19.1666666667 11.075431907550001 -2.5754547585217757)
	(19.2307692308 11.45109232373131 -3.0085948589201714)
	(19.1025641026 11.489993237425423 -2.747171683791602)
	(19.1666666667 11.628761462466834 -3.0821878257995725)
	(19.4230769231 11.555168494439382 -3.2598569673067366)
	(19.6153846154 11.704097793455318 -3.737850194547921)
	(20.0641025641 11.516267589984064 -3.5212801462621397)
	(20.5128205128 11.432513548364767 -3.5559722016122106)
	(20.3205128205 11.260796623477624 -3.9705335305637544)
	(19.8076923077 11.050178794135162 -4.646518038470701)
	(18.6538461538 8.47621590255798 -3.127587685963028)
	(19.8076923077 8.793507403600465 -5.892556506823766)
	(19.6794871795 9.201453625691494 -6.300502728914795)
	(19.1666666667 9.246780986215768 -6.617794235614135)
	(19.2307692308 9.428090415584933 -7.161722526550057)
	(19.1025641026 9.564072491500893 -6.93508574089926)
	(19.1666666667 9.564072487258253 -7.297704598223377)
	(19.4230769231 9.428090413463611 -7.433686672018018)
	(19.6153846154 9.382763055767768 -7.932287606672309)
	(20.0641025641 9.29210834461872 -7.660323464739883)
	(20.5128205128 9.201453624984389 -7.66032346049724)
	(20.3205128205 8.88416212040637 -7.97761496507526)
	(19.8076923077 8.430888546983457 -8.521543262375145)
	(18.6538461538 6.634126394832881 -6.133221644254024)
	(19.8076923077 5.8691577597363755 -8.809141946558336)
	(19.6794871795 6.089936664201415 -9.342149372003707)
	(19.1666666667 6.010391482008556 -9.652634530788376)
	(19.2307692308 5.969747207518193 -10.224542860689066)
	(19.1025641026 6.182108407278383 -10.067195860663798)
	(19.1666666667 6.043340174397594 -10.40221199942459)
	(19.4230769231 5.865671032890429 -10.475804967452042)
	(19.6153846154 5.632987697798475 -10.919106137047054)
	(20.0641025641 5.6533098369570745 -10.633151976716107)
	(20.5128205128 5.569555798584956 -10.598459913526657)
	(20.3205128205 5.154994469633412 -10.7701768384138)
	(19.8076923077 4.528071944748513 -11.09924077256501)
	(18.6538461538 3.7820512820000007 -8.205128205)
	(19.8076923077 2.051282051000001 -10.38461538)
	(19.6794871795 2.051282051000001 -10.96153846)
	(19.1666666667 1.8589743590000014 -11.21794872)
	(19.2307692308 1.6025641030000013 -11.73076923)
	(19.1025641026 1.8589743590000014 -11.66666667)
	(19.1666666667 1.6025641030000015 -11.92307692)
	(19.4230769231 1.4102564100000015 -11.92307692)
	(19.6153846154 1.0256410260000015 -12.24358974)
	(20.0641025641 1.1538461540000016 -11.98717949)
	(20.5128205128 1.0897435900000016 -11.92307692)
	(20.3205128205 0.6410256410000015 -11.92307692)
	(19.8076923077 -0.06410256399999853 -11.98717949)
	(18.6538461538 0.35419314586286577 -9.027878376207122)
	(19.8076923077 -2.0788827550830264 -10.3791252586095)
	(19.6794871795 -2.2996616595480655 -10.912132684054871)
	(19.1666666667 -2.575454758521775 -11.075431907550001)
	(19.2307692308 -3.00859485892017 -11.45109232373131)
	(19.1025641026 -2.747171683791602 -11.489993237425423)
	(19.1666666667 -3.082187825799571 -11.628761462466835)
	(19.4230769231 -3.2598569673067357 -11.555168494439384)
	(19.6153846154 -3.7378501945479194 -11.70409779345532)
	(20.0641025641 -3.521280146262139 -11.516267589984066)
	(20.5128205128 -3.5559722016122097 -11.432513548364769)
	(20.3205128205 -3.970533530563753 -11.260796623477626)
	(19.8076923077 -4.6465180384707 -11.050178794135164)
	(18.6538461538 -3.1275876859630274 -8.47621590255798)
	(19.8076923077 -5.892556506823766 -8.793507403600467)
	(19.6794871795 -6.300502728914795 -9.201453625691496)
	(19.1666666667 -6.617794235614135 -9.246780986215768)
	(19.2307692308 -7.161722526550056 -9.428090415584935)
	(19.1025641026 -6.93508574089926 -9.564072491500895)
	(19.1666666667 -7.297704598223376 -9.564072487258255)
	(19.4230769231 -7.433686672018017 -9.428090413463613)
	(19.6153846154 -7.932287606672309 -9.38276305576777)
	(20.0641025641 -7.660323464739882 -9.29210834461872)
	(20.5128205128 -7.66032346049724 -9.20145362498439)
	(20.3205128205 -7.97761496507526 -8.884162120406371)
	(19.8076923077 -8.521543262375145 -8.430888546983457)
	(18.6538461538 -6.133221644254021 -6.634126394832884)
	(19.8076923077 -8.809141946558334 -5.86915775973638)
	(19.6794871795 -9.342149372003705 -6.089936664201419)
	(19.1666666667 -9.652634530788372 -6.01039148200856)
	(19.2307692308 -10.224542860689063 -5.969747207518197)
	(19.1025641026 -10.067195860663794 -6.1821084072783865)
	(19.1666666667 -10.402211999424589 -6.043340174397598)
	(19.4230769231 -10.47580496745204 -5.865671032890434)
	(19.6153846154 -10.919106137047052 -5.63298769779848)
	(20.0641025641 -10.633151976716103 -5.653309836957079)
	(20.5128205128 -10.598459913526655 -5.56955579858496)
	(20.3205128205 -10.770176838413798 -5.154994469633417)
	(19.8076923077 -11.099240772565006 -4.528071944748518)
	(18.6538461538 -8.205128205 -3.782051282000001)
	(19.8076923077 -10.38461538 -2.0512820510000016)
	(19.6794871795 -10.96153846 -2.051282051000002)
	(19.1666666667 -11.21794872 -1.858974359000002)
	(19.2307692308 -11.73076923 -1.6025641030000022)
	(19.1025641026 -11.66666667 -1.8589743590000023)
	(19.1666666667 -11.92307692 -1.6025641030000022)
	(19.4230769231 -11.92307692 -1.4102564100000021)
	(19.6153846154 -12.24358974 -1.0256410260000022)
	(20.0641025641 -11.98717949 -1.1538461540000022)
	(20.5128205128 -11.92307692 -1.0897435900000023)
	(20.3205128205 -11.92307692 -0.6410256410000023)
	(19.8076923077 -11.98717949 0.0641025639999978)
	(18.6538461538 -9.02787837620712 -0.3541931458628622)
	(19.8076923077 -10.379125258609498 2.07888275508303)
	(19.6794871795 -10.912132684054871 2.29966165954807)
	(19.1666666667 -11.07543190755 2.5754547585217797)
	(19.2307692308 -11.451092323731308 3.0085948589201745)
	(19.1025641026 -11.489993237425422 2.747171683791606)
	(19.1666666667 -11.628761462466832 3.0821878257995765)
	(19.4230769231 -11.55516849443938 3.2598569673067406)
	(19.6153846154 -11.70409779345532 3.7378501945479243)
	(20.0641025641 -11.516267589984063 3.5212801462621437)
	(20.5128205128 -11.432513548364765 3.5559722016122146)
	(20.3205128205 -11.260796623477622 3.970533530563758)
	(19.8076923077 -11.05017879413516 4.646518038470704)
	(18.6538461538 -8.47621590255798 3.1275876859630265)
	(19.8076923077 -8.793507403600467 5.892556506823764)
	(19.6794871795 -9.201453625691496 6.300502728914793)
	(19.1666666667 -9.246780986215768 6.6177942356141335)
	(19.2307692308 -9.428090415584933 7.161722526550054)
	(19.1025641026 -9.564072491500895 6.935085740899258)
	(19.1666666667 -9.564072487258255 7.297704598223376)
	(19.4230769231 -9.428090413463613 7.433686672018017)
	(19.6153846154 -9.38276305576777 7.932287606672308)
	(20.0641025641 -9.292108344618718 7.66032346473988)
	(20.5128205128 -9.20145362498439 7.66032346049724)
	(20.3205128205 -8.884162120406371 7.97761496507526)
	(19.8076923077 -8.430888546983457 8.521543262375143)
	(18.6538461538 -6.634126394832885 6.133221644254021)
	(19.8076923077 -5.86915775973638 8.809141946558334)
	(19.6794871795 -6.08993666420142 9.342149372003705)
	(19.1666666667 -6.010391482008561 9.65263453078837)
	(19.2307692308 -5.969747207518197 10.224542860689063)
	(19.1025641026 -6.182108407278387 10.067195860663793)
	(19.1666666667 -6.043340174397599 10.402211999424589)
	(19.4230769231 -5.865671032890435 10.47580496745204)
	(19.6153846154 -5.632987697798481 10.919106137047052)
	(20.0641025641 -5.65330983695708 10.633151976716103)
	(20.5128205128 -5.569555798584961 10.598459913526655)
	(20.3205128205 -5.154994469633418 10.770176838413798)
	(19.8076923077 -4.528071944748519 11.099240772565006)

)
